149 70 58 92 59
207 202 202 136 221
195 164 144 124 166
116 90 53 66 89
84 63 62 53 64
====================
86 90 147 126 100
48 63 69 77 63
75 66 122 110 70
85 102 146 122 132
52 69 83 86 82
====================
110 122 121 164 67
130 102 113 154 96
152 118 158 141 77
185 156 135 143 193
76 83 80 110 56
====================
197 215 181 299 181
147 112 133 216 154
107 126 88 158 86
183 187 213 302 199
135 93 142 193 135
====================
105 73 110 116 68
227 159 196 243 144
185 126 128 135 143
220 155 192 207 173
241 174 158 220 167
====================
126 50 52 97 90
155 57 24 94 100
114 44 26 88 116
216 74 56 130 160
237 104 72 181 230
====================
69 68 62 94 103
169 148 138 202 256
133 106 118 159 169
194 146 176 239 292
37 10 50 62 65
====================
